 1e-05       1.4095       
 1.10304e-05 1.34205      
 1.21669e-05 1.27783      
 1.34206e-05 1.21668      
 1.48034e-05 1.15846      
 1.63286e-05 1.10303      
 1.80111e-05 1.05025      
 1.98669e-05 0.999989     
 2.19139e-05 0.952137     
 2.41719e-05 0.906575     
 2.66625e-05 0.863193     
 2.94097e-05 0.821886     
 3.244e-05   0.782556     
 3.57825e-05 0.745108     
 3.94694e-05 0.709452     
 4.35362e-05 0.675502     
 4.80221e-05 0.643177     
 5.29701e-05 0.612398     
 5.8428e-05  0.583092     
 6.44482e-05 0.555188     
 7.10888e-05 0.528619     
 7.84136e-05 0.503322     
 8.64931e-05 0.479235     
 9.54051e-05 0.4563       
 0.000105235 0.434463     
 0.000116078 0.413671     
 0.000128039 0.393873     
 0.000141232 0.375023     
 0.000155784 0.357075     
 0.000171835 0.339986     
 0.00018954  0.323714     
 0.00020907  0.308221     
 0.000230612 0.29347      
 0.000254374 0.279424     
 0.000280584 0.266051     
 0.000309494 0.253317     
 0.000341383 0.241193     
 0.000376558 0.229649     
 0.000415358 0.218657     
 0.000458155 0.208192     
 0.000505362 0.198227     
 0.000557433 0.188739     
 0.000614869 0.179706     
 0.000678223 0.171105     
 0.000748105 0.162915     
 0.000825188 0.155117     
 0.000910213 0.147693     
 0.001004    0.140624     
 0.00110745  0.133893     
 0.00122155  0.127484     
 0.00134742  0.121382     
 0.00148625  0.115572     
 0.00163939  0.110041     
 0.00180831  0.104774     
 0.00199463  0.0997588    
 0.00220016  0.0949842    
 0.00242685  0.0904382    
 0.00267691  0.0861103    
 0.00295273  0.0819902    
 0.00325697  0.0780683    
 0.00359256  0.0743353    
 0.00396272  0.0707821    
 0.00437103  0.0673996    
 0.00482141  0.0641789    
 0.00531819  0.0611114    
 0.00586616  0.0581895    
 0.00647059  0.0554062    
 0.0071373   0.0527552    
 0.00787271  0.0502296    
 0.00868389  0.0478241    
 0.00957865  0.0455341    
 0.0105656   0.0433549    
 0.0116543   0.0412806    
 0.0128551   0.0393057    
 0.0141796   0.0374253    
 0.0156406   0.0356338    
 0.0172522   0.0339267    
 0.0190298   0.0323018    
 0.0209906   0.0307545    
 0.0231534   0.0292809    
 0.0252419   0.0280463    
 0.0253      0.0280143    
 0.0279068   0.0266834    
 0.0307823   0.025415     
 0.033954    0.0242058    
 0.0374525   0.0230547    
 0.0413115   0.0219555    
 0.0455681   0.0209093    
 0.0502633   0.0199148    
 0.0554423   0.0189682    
 0.0615863   0.0180037    
 0.0679319   0.0171466    
 0.0754563   0.0162767    
 0.0838182   0.0154455    
 0.0924546   0.0147102    
 0.101981    0.0140107    
 0.112489    0.0133446    
 0.124948    0.0126663    
 0.136864    0.0121054    
 0.152023    0.0114913    
 0.16887     0.0109037    
 0.18627     0.0103855    
 0.205463    0.00989137   
 0.226633    0.00942081   
 0.253511    0.00890981   
 0.277674    0.0085178    
 0.304154    0.00814089   
 0.337843    0.00772434   
 0.372653    0.00735776   
 0.41395     0.00698044   
 0.456602    0.00664393   
 0.514332    0.00625465   
 0.567328    0.00595555   
 0.612785    0.00572831   
 0.67119     0.00546819   
 0.735197    0.00522342   
 0.794067    0.00502484   
 0.869792    0.00479768   
 0.946066    0.00459822   
 1.01471     0.00443982   
 1.11142     0.00425284   
 1.23459     0.00404536   
 1.3618      0.00386213   
 1.50211     0.00368643   
 1.66849     0.0035065    
 1.82761     0.00335916   
 1.98787     0.00322769   
 2.16219     0.00309971   
 2.3518      0.00297657   
 2.57595     0.00284838   
 2.82161     0.00272623   
 3.09053     0.00260889   
 3.36155     0.00250296   
 3.65633     0.00240226   
 3.94929     0.002313     
 4.3257      0.00221184   
 4.70503     0.00212256   
 5.15372     0.00202952   
 5.60566     0.00194557   
 6.05452     0.00187295   
 6.49383     0.00180799   
 7.16294     0.0017212    
 7.84603     0.00164292   
 8.41533     0.00158595   
 9.15329     0.00151895   
 10.2389     0.00143439   
 11.1367     0.00137208   
 12.0285     0.00131776   
 13.1755     0.00125577   
 14.3309     0.00120156   
 15.5876     0.00114943   
 17.0733     0.00109565   
 18.8325     0.00104041   
 20.9195     0.000984001  
 22.5945     0.000944524  
 24.234      0.000909822  
 26.3591     0.000869871  
 28.2717     0.000838032  
 31.4047     0.000791993  
 34.1586     0.000756786  
 37.6782     0.000717749  
 41.8516     0.00067811   
 45.205      0.000650606  
 48.8247     0.000623994  
 53.1062     0.000596048  
 57.3614     0.000571491  
 61.4837     0.000550141  
 67.8188     0.000521421  
 74.2241     0.000496088  
 80.1714     0.000475387  
 87.2017     0.000453774  
 94.7245     0.000433529  
 102.309     0.000415418  
 110.507     0.000397683  
 119.299     0.00038097   
 131.236     0.00036104   
 142.139     0.000345208  
 155.694     0.000327991  
 170.263     0.000311824  
 182.617     0.000299837  
 196.735     0.000287539  
 213.987     0.000274097  
 233.156     0.000260962  
 255.487     0.000247623  
 273.846     0.00023804   
 293.716     0.000228707  
 324.292     0.000215996  
 351.412     0.000206195  
 378.498     0.00019758   
 405.962     0.000189742  
 438.468     0.000181469  
 473.6       0.000173589  
 507.054     0.00016688   
 551.518     0.000158958  
 599.882     0.000151404  
 661.239     0.000143098  
 709.218     0.000137429  
 776.082     0.000130492  
 850.831     0.000123744  
 912.274     0.000118902  
 990.447     0.000113363  
 1103.04     0.000106773  
 1192.99     0.000102233  
 1312.36     9.69411e-05  
 1421.39     9.27354e-05  
 1553.51     8.82625e-05  
 1702.63     8.38599e-05  
 1825.21     8.06938e-05  
 1990.57     7.68605e-05  
 2228.98     7.25261e-05  
 2491.93     6.8497e-05   
 2691.6      6.5854e-05   
 2956.09     6.27413e-05  
 3061.53     6.17238e-05  
 3358.32     5.9215e-05   
 3651.89     5.70432e-05  
 3944.5      5.51052e-05  
 4299.3      5.30202e-05  
 4833.05     5.03049e-05  
 5035.27     4.94146e-05  
 5554.09     4.77001e-05  
 6256.32     4.56687e-05  
 7047.68     4.37423e-05  
 7925.83     4.23379e-05  
 8934.06     4.09227e-05  
 10000       3.96249e-05  
 12402.5     3.83874e-05  
 14323.1     3.75868e-05  
 17044.6     3.66197e-05  
 20000       3.57425e-05  
 20141.1     3.57424e-05  
 30423.2     3.5777e-05   
 31262.3     3.58292e-05  
 49818.3     3.5809e-05   
 62563.2     3.79294e-05  
 72761.6     3.95708e-05  
 76036.8     4.01041e-05  
 97048.3     4.27153e-05  
 100000      4.30521e-05  
 118337      4.73325e-05  
 120000      4.72669e-05  
 123017      4.78481e-05  
 140000      5.29212e-05  
 166547      6.64085e-05  
 170000      6.82059e-05  
 180760      7.54137e-05  
 191478      8.44464e-05  
 201411      9.32755e-05  
 211783      0.000103175  
 221129      0.000112491  
 233143      0.000126714  
 242378      0.0001382    
 250000      0.000149432  
 259390      0.000164945  
 272043      0.000183033  
 280745      0.000199224  
 291234      0.000219784  
 300000      0.000237832  
 318739      0.000281378  
 326371      0.000301363  
 337237      0.000332873  
 348464      0.00036768   
 360515      0.000412504  
 370005      0.000456179  
 380053      0.000506069  
 387060      0.000543179  
 397820      0.000604142  
 400000      0.00061697   
 411124      0.000695915  
 412734      0.000707873  
 422375      0.000786996  
 428967      0.00085526   
 435107      0.000923097  
 442734      0.00101341   
 449517      0.00109965   
 458197      0.00121861   
 465590      0.00132802   
 473964      0.00146146   
 482757      0.00161313   
 488846      0.00172547   
 498127      0.0019092    
 500000      0.00194777   
 505730      0.00209119   
 513728      0.00230612   
 521177      0.00252272   
 527959      0.00273451   
 534260      0.00294445   
 542066      0.00322319   
 548990      0.00348866   
 555121      0.00373881   
 563090      0.00408631   
 571532      0.0044836    
 578520      0.00483655   
 586101      0.00524561   
 595331      0.00578238   
 600000      0.00607107   
 605809      0.00651206   
 613899      0.00717224   
 621417      0.0078367    
 628247      0.00848569   
 634580      0.00912836   
 642411      0.00998075   
 649342      0.0107916    
 655468      0.011555     
 663415      0.0126143    
 671814      0.0138241    
 678752      0.0148976    
 686266      0.0161404    
 695392      0.0177695    
 700000      0.0186447    
 708633      0.0205027    
 716648      0.0223701    
 723923      0.0241915    
 730663      0.0259929    
 738990      0.028379     
 746355      0.0306458    
 755913      0.0338222    
 763652      0.0366003    
 770190      0.0391001    
 777536      0.0420855    
 785486      0.0455374    
 795132      0.0500555    
 800000      0.05248      
 808697      0.0571798    
 816759      0.0618616    
 826415      0.0679061    
 835273      0.0738995    
 843102      0.0795762    
 853257      0.0875046    
 858965      0.0922568    
 869045      0.101203     
 879564      0.111338     
 886808      0.118823     
 897791      0.131031     
 905966      0.140009     
 911931      0.14643      
 922501      0.158675     
 931850      0.170226     
 943744      0.185956     
 953815      0.200233     
 965158      0.217427     
 977460      0.237491     
 988666      0.257126     
 1e+06       0.278382     
 1.01727e+06 0.303732     
 1.03196e+06 0.326713     
 1.04856e+06 0.354357     
 1.06665e+06 0.386576     
 1.0832e+06  0.41807      
 1.1e+06     0.452125     
 1.13212e+06 0.494069     
 1.16148e+06 0.534046     
 1.2e+06     0.590154     
 1.3e+06     0.68313      
 1.4e+06     0.742247     
 1.5e+06     0.787612     
 1.61129e+06 0.821314     
 1.7e+06     0.844459     
 1.9e+06     0.877555     
 2.02822e+06 0.888653     
 2.31622e+06 0.906026     
 2.7e+06     0.912018     
 3.04232e+06 0.908883     
 3.5e+06     0.897198     
 4.11366e+06 0.845928     
 4.46233e+06 0.8152       
 4.8782e+06  0.782808     
 5e+06       0.77394      
 5.5e+06     0.755099     
 5.97686e+06 0.878159     
 6e+06       0.884302     
 6.12127e+06 0.97306      
 6.2489e+06  1.07394      
 6.33745e+06 1.14865      
 6.47268e+06 1.27084      
 6.5e+06     1.29648      
 6.7142e+06  1.43174      
 6.9517e+06  1.59272      
 7e+06       1.62657      
 7.5e+06     1.71176      
 8e+06       1.69178      
 8.80813e+06 1.57697      
 9.5e+06     1.48997      
 1e+07       1.44853      
 1.01411e+07 1.43983      
 1.02842e+07 1.43101      
 1.04292e+07 1.42207      
 1.05e+07    1.41771      
 1.06481e+07 1.41041      
 1.07984e+07 1.40301      
 1.09507e+07 1.39551      
 1.1e+07     1.39308      
 1.11552e+07 1.38722      
 1.13126e+07 1.38128      
 1.14722e+07 1.37526      
 1.1634e+07  1.36915      
 1.17982e+07 1.36296      
 1.19646e+07 1.35668      
 1.2e+07     1.35534      
 1.21693e+07 1.35063      
 1.2341e+07  1.34586      
 1.25e+07    1.34144      
 1.26764e+07 1.34161      
 1.28552e+07 1.34177      
 1.3e+07     1.34191      
 1.31834e+07 1.35449      
 1.33694e+07 1.36725      
 1.35e+07    1.37621      
 1.36905e+07 1.39879      
 1.38836e+07 1.4217       
 1.4e+07     1.4355       
 1.41975e+07 1.46521      
 1.43978e+07 1.49535      
 1.45e+07    1.51072      
 1.47046e+07 1.54966      
 1.4912e+07  1.58914      
 1.5e+07     1.60589      
 1.52116e+07 1.63416      
 1.54262e+07 1.66283      
 1.55e+07    1.67269      
 1.57187e+07 1.7048       
 1.59404e+07 1.73736      
 1.6e+07     1.74611      
 1.62257e+07 1.76425      
 1.64546e+07 1.78264      
 1.66868e+07 1.80129      
 1.69222e+07 1.8202       
 1.7e+07     1.82645      
 1.72398e+07 1.8402       
 1.74831e+07 1.85414      
 1.75e+07    1.85511      
 1.77469e+07 1.86393      
 1.79973e+07 1.87288      
 1.8e+07     1.87298      
 1.82539e+07 1.87961      
 1.85115e+07 1.88634      
 1.87483e+07 1.89252      
 1.90128e+07 1.9016       
 1.92811e+07 1.9108       
 1.95531e+07 1.92014      
 1.97484e+07 1.92684      
 2e+07       1.9369       