 1e-05       2261.11      
 1.10304e-05 2152.92      
 1.21669e-05 2049.9       
 1.34206e-05 1951.81      
 1.48034e-05 1858.42      
 1.63286e-05 1769.5       
 1.80111e-05 1684.83      
 1.98669e-05 1604.21      
 2.19139e-05 1527.45      
 2.41719e-05 1454.36      
 2.66625e-05 1384.78      
 2.94097e-05 1318.52      
 3.244e-05   1255.43      
 3.57825e-05 1195.36      
 3.94694e-05 1138.17      
 4.35362e-05 1083.71      
 4.80221e-05 1031.86      
 5.29701e-05 982.486      
 5.8428e-05  935.478      
 6.44482e-05 890.72       
 7.10888e-05 848.103      
 7.84136e-05 807.526      
 8.64931e-05 768.891      
 9.54051e-05 732.105      
 0.000105235 697.079      
 0.000116078 663.729      
 0.000128039 631.975      
 0.000141232 601.74       
 0.000155784 572.953      
 0.000171835 545.543      
 0.00018954  519.444      
 0.00020907  494.595      
 0.000230612 470.934      
 0.000254374 448.405      
 0.000280584 426.955      
 0.000309494 406.531      
 0.000341383 387.084      
 0.000376558 368.567      
 0.000415358 350.937      
 0.000458155 334.149      
 0.000505362 318.165      
 0.000557433 302.946      
 0.000614869 288.455      
 0.000678223 274.657      
 0.000748105 261.519      
 0.000825188 249.009      
 0.000910213 237.098      
 0.001004    225.757      
 0.00110745  214.958      
 0.00122155  204.676      
 0.00134742  194.885      
 0.00148625  185.563      
 0.00163939  176.687      
 0.00180831  168.236      
 0.00199463  160.189      
 0.00220016  152.527      
 0.00242685  145.232      
 0.00267691  138.286      
 0.00295273  131.674      
 0.00325697  125.38       
 0.00359256  119.388      
 0.00396272  113.685      
 0.00437103  108.256      
 0.00482141  103.086      
 0.00531819  98.1626      
 0.00586616  93.4723      
 0.00647059  89.0043      
 0.0071373   84.7485      
 0.00787271  80.694       
 0.00868389  76.8322      
 0.00957865  73.1556      
 0.0105656   69.6567      
 0.0116543   66.3263      
 0.0128551   63.1553      
 0.0141796   60.136       
 0.0156406   57.2593      
 0.0172522   54.5179      
 0.0190298   51.9086      
 0.0209906   49.4236      
 0.0231534   47.0551      
 0.0252419   45.0658      
 0.0253      45.014       
 0.0279068   42.8618      
 0.0307823   40.8112      
 0.033954    38.8563      
 0.0374525   36.996       
 0.0413115   35.2244      
 0.0455681   33.5357      
 0.0502633   31.9287      
 0.0554423   30.3984      
 0.0611549   28.944       
 0.0674561   27.5566      
 0.0744066   26.2375      
 0.0820732   24.9818      
 0.0905297   23.7834      
 0.0998577   22.6439      
 0.110147    21.5583      
 0.121496    20.5275      
 0.13496     19.4741      
 0.148866    18.5424      
 0.164204    17.6554      
 0.181123    16.8079      
 0.199786    16.0025      
 0.220371    15.2372      
 0.246507    14.4059      
 0.271906    13.7161      
 0.302023    13.0143      
 0.335493    12.3442      
 0.359836    11.922       
 0.364913    11.8656      
 0.367469    11.8855      
 0.369413    11.9671      
 0.370709    12.0834      
 0.371681    12.222       
 0.372653    12.4224      
 0.373639    12.7101      
 0.374296    12.9626      
 0.374954    13.2751      
 0.375611    13.6591      
 0.376268    14.1275      
 0.376925    14.6955      
 0.377418    15.1967      
 0.377911    15.7711      
 0.378411    16.4369      
 0.378911    17.1962      
 0.37941     18.059       
 0.37991     19.0362      
 0.38041     20.1394      
 0.38091     21.3806      
 0.38141     22.7727      
 0.38191     24.3288      
 0.382409    26.0627      
 0.382909    27.9886      
 0.383411    30.1315      
 0.383918    32.5208      
 0.384425    35.1528      
 0.384932    38.0428      
 0.385439    41.206       
 0.385946    44.6569      
 0.386453    48.4096      
 0.38696     52.4777      
 0.387467    56.8734      
 0.387973    61.6081      
 0.38848     66.6917      
 0.388992    72.1857      
 0.389506    78.0789      
 0.39002     84.3518      
 0.390706    93.3108      
 0.391391    102.95       
 0.392076    113.261      
 0.392762    124.229      
 0.393447    135.829      
 0.394132    148.029      
 0.395175    167.638      
 0.396218    188.354      
 0.397608    217.308      
 0.401411    299.432      
 0.402822    328.939      
 0.404232    356.889      
 0.405643    382.744      
 0.407074    406.41       
 0.408505    427.24       
 0.409935    445.121      
 0.411366    460.085      
 0.412817    472.436      
 0.414268    482.192      
 0.415719    489.665      
 0.417906    497.364      
 0.420113    501.819      
 0.423055    504.324      
 0.424547    504.634      
 0.429024    503.6        
 0.493542    469.988      
 0.544395    447.554      
 0.600488    426.135      
 0.667033    404.227      
 0.730608    386.333      
 0.794677    370.499      
 0.87046     353.922      
 0.953424    338.193      
 1.0226      326.709      
 1.12012     312.97       
 1.24419     297.696      
 1.36284     285.13       
 1.50327     272.159      
 1.66978     258.874      
 1.82901     247.996      
 1.9894      238.29       
 2.16385     228.842      
 2.35361     219.752      
 2.57793     210.289      
 2.82377     201.271      
 3.09291     192.607      
 3.36413     184.786      
 3.65914     177.352      
 3.95233     170.763      
 4.32902     163.294      
 4.70864     156.703      
 5.15768     149.833      
 5.60996     143.634      
 6.05917     138.273      
 6.49882     133.479      
 7.16844     127.071      
 7.79705     121.717      
 8.3628      117.489      
 9.16032     112.139      
 10.2467     105.893      
 11.1453     101.292      
 12.0377     97.2827      
 13.1857     92.7055      
 14.2415     89.0192      
 15.5996     84.854       
 16.9676     81.1655      
 18.8469     76.8051      
 20.9355     72.6387      
 22.6119     69.7234      
 24.2526     67.1613      
 26.3793     64.211       
 28.2934     61.8606      
 31.4288     58.4602      
 34.1849     55.86        
 37.7072     52.9768      
 41.8838     50.0486      
 45.2397     48.0173      
 48.8622     46.0519      
 53.147      43.9873      
 57.4054     42.1731      
 61.5708     40.5828      
 67.4391     38.6033      
 74.3878     36.5746      
 80.1714     35.0871      
 87.2017     33.4894      
 94.7245     31.9929      
 102.309     30.6537      
 110.507     29.3413      
 119.299     28.1047      
 131.236     26.6303      
 142.139     25.4592      
 155.694     24.1858      
 170.263     22.9902      
 182.617     22.104       
 196.735     21.1945      
 213.987     20.1994      
 233.156     19.2267      
 255.487     18.239       
 273.846     17.5296      
 293.716     16.8386      
 324.292     15.8961      
 351.412     15.169       
 378.498     14.5301      
 405.962     13.9491      
 438.468     13.336       
 473.6       12.7522      
 507.054     12.255       
 551.518     11.666       
 599.882     11.1047      
 661.239     10.488       
 709.218     10.067       
 776.082     9.54977      
 850.831     9.04719      
 912.274     8.68684      
 976.668     8.34637      
 1059.01     7.96427      
 1148.62     7.60064      
 1231.96     7.3015       
 1351        6.92311      
 1441.44     6.67364      
 1553.51     6.39085      
 1702.63     6.06193      
 1825.21     5.82574      
 1953.57     5.60242      
 2080.27     5.40941      
 2246.15     5.18907      
 2410.41     4.99303      
 2619.41     4.77187      
 2842.87     4.56444      
 3021.16     4.41612      
 3334.79     4.20476      
 3626.48     4.03362      
 3944.5      3.86844      
 4299.3      3.70552      
 4701.96     3.54449      
 5035.27     3.42626      
 5692.27     3.24608      
 6202.79     3.12608      
 6866.21     2.9882       
 7148.83     2.93973      
 8081.33     2.80128      
 8847.47     2.70416      
 9850.05     2.59178      
 10356.7     2.54747      
 11567.2     2.45301      
 12838.1     2.36797      
 14418.4     2.27668      
 16328.1     2.18256      
 18262.1     2.10129      
 20282.2     2.02807      
 23480       1.93288      
 26001.7     1.8696       
 29348.1     1.79627      
 31477.6     1.75157      
 34477.7     1.66775      
 37280.1     1.59915      
 40048.1     1.53837      
 43560       1.47005      
 47333.6     1.40576      
 51063.1     1.34936      
 55540.9     1.28882      
 59161.4     1.24564      
 64577.9     1.18748      
 73542.5     1.10116      
 75507.9     1.08008      
 80779.9     1.01568      
 85357.3     0.966023     
 90549.9     0.915456     
 96161.6     0.866886     
 101411      0.825985     
 105764      0.79558      
 111880      0.75622      
 118337      0.718812     
 120000      0.701575     
 123017      0.681868     
 131096      0.640637     
 139287      0.603402     
 140988      0.597255     
 149036      0.572948     
 159177      0.545055     
 170000      0.518507     
 176201      0.506353     
 180760      0.496637     
 201411      0.466528     
 217167      0.440021     
 234776      0.413994     
 244088      0.401794     
 259390      0.38572      
 272043      0.363738     
 287695      0.344024     
 316831      0.309592     
 318739      0.306426     
 339616      0.28276      
 348464      0.273526     
 360515      0.262979     
 382423      0.248394     
 400000      0.237707     
 422375      0.22813      
 469322      0.218554     
 507054      0.211349     
 555450      0.201162     
 604232      0.192166     
 661853      0.183236     
 700000      0.177837     
 753610      0.167207     
 854514      0.149314     
 906349      0.140885     
 955375      0.132149     
 1.00705e+06 0.12371      
 1.04993e+06 0.116202     
 1.08814e+06 0.110146     
 1.13212e+06 0.103819     
 1.18246e+06 0.0972722    
 1.20846e+06 0.0942464    
 1.25781e+06 0.0891101    
 1.3e+06     0.0850546    
 1.35859e+06 0.0802271    
 1.4344e+06  0.074549     
 1.51058e+06 0.0694031    
 1.5855e+06  0.0647574    
 1.68624e+06 0.0589257    
 1.76163e+06 0.0548972    
 1.88771e+06 0.0486018    
 1.96311e+06 0.0451186    
 2.01411e+06 0.0428572    
 2.0666e+06  0.0404079    
 2.12263e+06 0.0380354    
 2.18435e+06 0.0356478    
 2.24143e+06 0.0336273    
 2.31622e+06 0.0311545    
 2.36688e+06 0.0293846    
 2.41359e+06 0.0278907    
 2.48543e+06 0.0257943    
 2.56702e+06 0.0234545    
 2.61374e+06 0.0222197    
 2.68547e+06 0.020491     
 2.75509e+06 0.0188324    
 2.79958e+06 0.0178164    
 2.86692e+06 0.0164292    
 2.91376e+06 0.0155459    
 2.98549e+06 0.0143111    
 3.02116e+06 0.0136978    
 3.05837e+06 0.0130369    
 3.11037e+06 0.0121924    
 3.17704e+06 0.0112075    
 3.23393e+06 0.0104446    
 3.29849e+06 0.00965599   
 3.36641e+06 0.00890502   
 3.41353e+06 0.00842677   
 3.48547e+06 0.00775818   
 3.55891e+06 0.00707979   
 3.61127e+06 0.00663122   
 3.67822e+06 0.00610714   
 3.73521e+06 0.00570049   
 3.79972e+06 0.00527941   
 3.86741e+06 0.00487772   
 3.91425e+06 0.00462151   
 3.97121e+06 0.00433176   
 4.05933e+06 0.00391158   
 4.11196e+06 0.00368029   
 4.17913e+06 0.00340868   
 4.2362e+06  0.00319683   
 4.30066e+06 0.00297636   
 4.34965e+06 0.00282104   
 4.42419e+06 0.00260314   
 4.5e+06     0.00240206   
 4.55966e+06 0.00226189   
 4.63582e+06 0.00209713   
 4.70054e+06 0.0019685    
 4.77368e+06 0.00183451   
 4.85331e+06 0.00170106   
 4.92611e+06 0.00158927   
 5e+06       0.00148483   
 5.08637e+06 0.00138746   
 5.1598e+06  0.0013109    
 5.24282e+06 0.00123059   
 5.33326e+06 0.00115001   
 5.41599e+06 0.001082     
 5.5e+06     0.00101801   
 5.66699e+06 0.000945966  
 5.82454e+06 0.000884857  
 5.96352e+06 0.000834812  
 6e+06       0.000822283  
 6.46111e+06 0.00076241   
 6.5e+06     0.000757683  
 7e+06       0.000768609  
 7.5e+06     0.000823798  
 8e+06       0.000929593  
 8.5e+06     0.00106438   
 8.99874e+06 0.00122      
 9.5e+06     0.00136371   
 1e+07       0.0014823    
 1.01411e+07 0.00150644   
 1.02842e+07 0.00153093   
 1.04292e+07 0.00155576   
 1.05e+07    0.00156787   
 1.06481e+07 0.00157736   
 1.07984e+07 0.00158698   
 1.09507e+07 0.00159673   
 1.1e+07     0.00159989   
 1.11552e+07 0.00159738   
 1.13126e+07 0.00159484   
 1.14722e+07 0.00159226   
 1.15e+07    0.00159181   
 1.16622e+07 0.00158001   
 1.18268e+07 0.00156805   
 1.19936e+07 0.00155591   
 1.2e+07     0.00155545   
 1.21693e+07 0.00153934   
 1.2341e+07  0.001523     
 1.25e+07    0.00150787   
 1.26764e+07 0.0014892    
 1.28552e+07 0.00147026   
 1.3e+07     0.00145493   
 1.31834e+07 0.00142001   
 1.33694e+07 0.00138459   
 1.35e+07    0.00135972   
 1.36905e+07 0.0013201    
 1.38733e+07 0.00128207   
 1.4e+07     0.00125718   
 1.41975e+07 0.00121099   
 1.43734e+07 0.00116987   
 1.45e+07    0.00114213   
 1.47046e+07 0.00109476   
 1.48734e+07 0.00105565   
 1.5e+07     0.00102831   
 1.52116e+07 0.000977969  
 1.5248e+07  0.000969328  
 1.54631e+07 0.000921875  
 1.55e+07    0.000913729  
 1.57187e+07 0.000874562  
 1.58735e+07 0.00084683   
 1.60975e+07 0.000808885  
 1.63246e+07 0.000770404  
 1.63736e+07 0.000762102  
 1.65e+07    0.00074203   
 1.67328e+07 0.000718764  
 1.69689e+07 0.000695169  
 1.7e+07     0.000692056  
 1.72398e+07 0.000666658  
 1.73736e+07 0.000652489  
 1.75e+07    0.000639809  
 1.77469e+07 0.000617537  
 1.79973e+07 0.000594951  
 1.8e+07     0.000594705  
 1.82539e+07 0.000574558  
 1.85e+07    0.000555038  
 1.8761e+07  0.000536392  
 1.9e+07     0.000519317  
 1.92681e+07 0.000509431  
 1.95e+07    0.000500876  
 1.97751e+07 0.0004855    
 2e+07       0.000472931  